camera_matrix:
- - 1661.2724796473588
  - 0.0
  - 958.8604168863728
- - 0.0
  - 1662.363186714681
  - 529.8037605838094
- - 0.0
  - 0.0
  - 1.0
dist_coeff:
- - 0.12958223199067082
  - -0.3036647420447356
  - 0.0008302642771545322
  - -0.0024478921654705944
  - 0.393118103870271
ret: 0.5699067657516289
rvecs:
- - - -0.08108193022301367
  - - 0.44853023837849865
  - - -0.1378499906671265
- - - -0.23393880978475015
  - - 0.41431121947551175
  - - -0.8860055614141189
- - - -0.5719610178679683
  - - 0.5221716955362689
  - - -1.4952320722242167
- - - 0.5201692153659041
  - - 0.13645263625662699
  - - 3.0124096559810334
- - - 0.40440702403723167
  - - 0.47031664370914683
  - - 1.5238725226226244
- - - 0.10953950618010574
  - - 0.08658309030813699
  - - 1.5694477881237334
- - - 0.087810151654716
  - - 0.06633818353278424
  - - 1.6587894812373196
- - - 0.08249343480956728
  - - 0.14560236787129097
  - - 3.1137967606321264
- - - 0.06963587334340783
  - - 0.06272301603090041
  - - 3.1275637575835296
- - - 0.48220091430326123
  - - 0.5529353344677793
  - - 1.5348608575761495
- - - -0.36288485804235815
  - - 0.4706668975848738
  - - 2.1187952432172024
- - - -0.42402793830725577
  - - 0.32135217972190916
  - - -1.8147943215810733
- - - -0.5918943303537897
  - - 0.11605412740548583
  - - -2.5116481890925124
- - - 0.6591269126145821
  - - 0.12136819822714719
  - - 2.833287517720675
- - - 0.454392912966103
  - - 0.3346729154060703
  - - 1.9432276726336484
- - - 0.4317316961554811
  - - 0.4779124377982428
  - - 1.5437676064851742
- - - 0.36292008271585846
  - - 0.25456230431634413
  - - 2.5188222394614335
- - - -0.35801621316549037
  - - 0.19343918168201085
  - - -1.612315172303437
- - - -0.1794071150098896
  - - 0.08831377938891007
  - - -1.5827893308881604
tvecs:
- - - -2.2955434544775506
  - - -3.576899710199736
  - - 20.501779202958147
- - - -3.6323147031026948
  - - -0.15138759359230666
  - - 21.407943060764577
- - - -4.174605901241326
  - - 2.5679192480734705
  - - 16.56247487622971
- - - 1.4211159575217494
  - - 3.50551197199683
  - - 20.281248013340942
- - - 2.2418937906278265
  - - -2.7449002011449406
  - - 12.242397113695318
- - - 3.2226024744248662
  - - -2.557943144028132
  - - 11.319262326124388
- - - 4.315717786119041
  - - -2.400960232196922
  - - 23.143099144632984
- - - -2.605829935306031
  - - 4.857666480537053
  - - 22.034766219132834
- - - 3.869806571520776
  - - 4.076565118844368
  - - 16.785532442525078
- - - 1.1910854958488357
  - - -2.6231531034421
  - - 13.028557603374422
- - - 4.3730868976564095
  - - -0.567726979578806
  - - 16.995395061607137
- - - -3.0212236921784656
  - - 3.5531250451987595
  - - 19.961021379006617
- - - 0.4761632613255266
  - - 4.269232477120944
  - - 20.103318707515218
- - - 3.985174322383662
  - - 4.1005398672981075
  - - 18.701693931337953
- - - 3.6404686729347406
  - - 0.25765373020386667
  - - 17.463814639983504
- - - 1.4505089526691333
  - - -2.56706804973842
  - - 11.99322903141695
- - - 4.05628900197532
  - - 1.3316629649824268
  - - 21.46705840343503
- - - -3.524451081738058
  - - 2.3792627507832704
  - - 21.08499935123206
- - - -4.183391937485994
  - - 2.4440505567924102
  - - 12.263918834477652
